kinematics:
  shoulder:
    x: 0
    y: 0
    z: 0.1520593282368298
    roll: -0
    pitch: 0
    yaw: 0.0002240697443309122
  upper_arm:
    x: -9.982742191879629e-05
    y: 0
    z: 0
    roll: 1.571935164467322
    pitch: 0
    yaw: -0.0001837827332225087
  forearm:
    x: -0.243578983990626
    y: 0
    z: 0
    roll: 3.139115437869825
    pitch: -3.140504815862574
    yaw: 3.141562401470492
  wrist_1:
    x: -0.2132065100062049
    y: -0.0003285143240604698
    z: 0.112610766722809
    roll: 0.002917246740242573
    pitch: 0.002090956305770315
    yaw: -0.0004579316120337585
  wrist_2:
    x: 0.0001049930319850686
    y: -0.08529061659266773
    z: -6.806342274524376e-05
    roll: 1.571594344337928
    pitch: 0
    yaw: -0.0002841731063430873
  wrist_3:
    x: -7.938249246211664e-05
    y: 0.0823702475088204
    z: -2.071178094655825e-05
    roll: 1.570544879444227
    pitch: 3.141592653589793
    yaw: 3.14107590668391
  hash: calib_17027042311849292912